ἐξ )¹⁷4( 593<-

 

 

 

 

 

 

 

 

 

 

 

 

 

 

 

 

 

 

 

 

 

 

 

 

 

 

 

 

 

,ἦ ,ψΙ ’ Δ ῐιΔ
3,982ο77 ςο’.137· 0‘.¹'6“. 0‚000227 >c³‚0001:3<5
4,325285 ςι. ’36.36.33. 0,000226 o,000188
4‚706283 52. 36. ι3.44. 0,000225 0‚00012x

5,130371 53. 35 51. 50. 0‚000224 0,000114
5 ,5603748 35. 3ο 48. 0‚000224 0,000107
6,ι335831Ξ 35. 10. 36. ο,οοο223 0‚000101
61728935 56134. 51· 13- 0,000223 0,000095
7 399640157. 34 32. 38, 0‚000222 0‚000089

8158072 34. 14. 49. 0‚000222 0,000083
9,019=52 59. 33. 57. 45. 0,000221 0,000078
10,00000 60. 33. 41. 24. 0,000221 0,000073
11,12280 61. 33.25.46. 0,000221 0,000068
1²,41367 62. 33. 10. 49, 0,000220 0,000063

 

13,90508 63. 32. 56. 32. 0‚000220 0,000050
15,63733 64. 132. 42. 54. 0,000220 0,000054
17,66041 65. 32. 29. 55.

...—

 

——-

0‚000220 0,000046
0,000219 0,000042
0.000219 0‚00003⁸

 

 

20,03800 66. 32. ¹7· 33.

22,8507ο 67. 32. 5.47.
26,20214·68.

 

 

a 1· 54· 37·

 

 

 

 

 

 

 

30,22725 69. 31. 44. 1. '0900219 0,000035
35 10336 70. 3¹· 34. 0. 0‚000219 0,000031
41 0623-— 71 31243: 0,000219 &0023
48, 4365ρὶ 72 ’.3ι 15. 37. 0,000219 0,000025

 

57 65 341 73. 3¹- 7.14. 0,000219 0‚000022
32776 74. 3ο. 59.23. 0,000219 0,000020
ς(1433902 75. 3ο.52. 35 ο,οοοαι9Ιο,οοοοι8

 

 

 

0,000220 0,00005o ,

